bootstrap:
    - true
    - false
max_depth: [1, 3, 4, 5, 6, 7, 8, 9, 10, 11, 12, 16, 17, 19, 21, null]
max_features: [0.01, 0.02, 0.03, 0.05, 0.07, 0.08, 0.1, 0.2, 0.3, 0.4, 0.5, 0.6, 0.7, 0.8, 0.9, 1.0]
min_samples_leaf: [1, 2, 4, 8, 16, 32, 64, 128, 256, 512, 1024, 2048]
min_samples_split: [2, 4, 8, 16, 32, 64, 128, 256, 512, 1024, 2048]
max_leaf_nodes: [5, 17, 29, 64, 125, 257, 512, 1028, 2050]
min_impurity_decrease: [0, 0.00001, 0.00005, 0.0001, 0.0003, 0.001, 0.004, 0.01, 0.06, 0.1, 0.5, 1]
ccp_alpha: [0,  0.00001,  0.00003,  0.0001,  0.0005,  0.003,  0.004,  0.01,  0.06,  0.1, 0.5, 1]
